Kasper
0.0 0.0
102.0 16.0
-97.0 26.0
3.0 45.0
-53.0 46.0
58.0 34.0
-2.0 -31.0
-59.0 -14.0
57.0 -19.0
-47.0 2.0
43.0 -2.0
238.0 367.0
Putin
0.0 0.0
70.0 18.0
-63.0 8.0
1.0 33.0
-37.0 28.0
37.0 29.0
0.0 -17.0
-35.0 -9.0
41.0 -5.0
-31.0 1.0
34.0 1.0
187.0 339.0
Obama
0.0 0.0
70.0 9.0
-78.0 17.0
1.0 29.0
-40.0 27.0
40.0 21.0
0.0 -23.0
-43.0 -10.0
44.0 -16.0
-39.0 2.0
39.0 -1.0
203.0 342.0
Shanghavi
0.0 0.0
104.0 34.0
-113.0 5.0
0.0 59.0
-62.0 45.0
56.0 54.0
1.0 -33.0
-59.0 -24.0
71.0 -11.0
-59.0 0.0
57.0 2.0
277.0 440.0
